# Simple Text Format
# Sampling Rate (Hz):= 1000.00
# Units:= mV
0.000000
-0.021000
-0.030000
-0.054000
-0.090000
-0.114000
-0.120000
-0.129000
-0.162000
-0.180000
-0.171000
-0.120000
-0.081000
-0.054000
-0.036000
-0.027000
-0.009000
-0.003000
0.009000
0.000000
0.003000
0.012000
0.024000
0.018000
0.015000
-0.003000
-0.018000
-0.054000
-0.078000
-0.114000
-0.147000
-0.162000
-0.171000
-0.174000
-0.162000
-0.156000
-0.138000
-0.123000
-0.105000
-0.087000
-0.072000
-0.051000
-0.042000
-0.021000
0.000000
0.012000
0.018000
0.027000
0.030000
0.036000
0.036000
0.036000
0.039000
0.030000
0.024000
0.027000
0.018000
0.024000
0.021000
0.018000
0.015000
0.015000
0.009000
0.015000
0.012000
0.024000
0.018000
0.021000
0.006000
0.009000
0.012000
0.009000
0.009000
0.006000
0.009000
0.009000
0.003000
0.006000
0.003000
0.006000
-0.003000
0.000000
-0.003000
0.000000
-0.003000
0.000000
0.000000
0.000000
-0.003000
0.006000
0.003000
0.006000
0.012000
0.012000
0.012000
0.018000
0.024000
0.036000
0.036000
0.039000
0.036000
0.033000
0.039000
0.036000
0.045000
0.054000
0.051000
0.063000
0.066000
0.060000
0.066000
0.072000
0.075000
0.081000
0.099000
0.105000
0.117000
0.117000
0.111000
0.072000
0.060000
-0.015000
-0.342000
-0.636000
-0.966000
-1.197000
-1.260000
-1.086000
-1.032000
-1.116000
-1.209000
-1.032000
-0.699000
-0.267000
0.183000
0.582000
0.957000
0.918000
0.639000
0.870000
1.059000
0.882000
0.675000
0.576000
0.525000
0.504000
0.507000
0.477000
0.441000
0.405000
0.369000
0.333000
0.279000
0.228000
0.165000
0.108000
0.072000
0.042000
0.012000
-0.003000
-0.033000
-0.069000
-0.093000
-0.117000
-0.138000
-0.150000
-0.168000
-0.186000
-0.186000
-0.180000
-0.162000
-0.162000
-0.147000
-0.138000
-0.138000
-0.135000
-0.132000
-0.111000
-0.093000
-0.090000
-0.063000
-0.060000
-0.036000
-0.033000
-0.042000
-0.036000
-0.039000
-0.042000
-0.036000
-0.021000
-0.018000
-0.003000
0.021000
0.039000
0.060000
0.072000
0.105000
0.132000
0.156000
0.183000
0.198000
0.216000
0.216000
0.210000
0.171000
0.132000
0.105000
0.075000
0.051000
0.057000
0.060000
0.051000
0.042000
0.027000
0.009000
-0.012000
-0.042000
-0.057000
-0.075000
-0.084000
-0.096000
-0.102000
-0.108000
-0.105000
-0.099000
-0.102000
-0.117000
-0.144000
-0.177000
-0.192000
-0.195000
-0.183000
-0.168000
-0.150000
-0.117000
-0.090000
-0.075000
-0.054000
-0.045000
-0.036000
-0.030000
-0.027000
-0.024000
-0.015000
-0.009000
0.003000
0.000000
0.006000
0.009000
0.003000
0.018000
0.024000
0.027000
0.024000
0.030000
0.033000
0.039000
0.045000
0.048000
0.042000
0.042000
0.039000
0.036000
0.033000
0.030000
0.030000
0.030000
0.024000
0.027000
0.024000
0.030000
0.030000
0.027000
0.027000
0.030000
0.036000
0.042000
0.051000
0.069000
0.081000
0.084000
0.102000
0.090000
0.063000
0.054000
0.066000
-0.045000
-0.351000
-0.564000
-0.723000
-0.876000
-0.873000
-0.819000
-0.720000
-0.732000
-0.711000
-0.693000
-0.408000
-0.072000
0.354000
0.570000
0.669000
0.744000
0.672000
0.669000
0.945000
0.951000
0.744000
0.432000
0.360000
0.243000
0.162000
0.177000
0.159000
0.114000
0.078000
0.027000
-0.012000
-0.045000
-0.075000
-0.090000
-0.096000
-0.114000
-0.111000
-0.105000
-0.105000
-0.123000
-0.147000
-0.144000
-0.102000
-0.042000
-0.012000
-0.030000
-0.057000
-0.066000
-0.099000
-0.096000
-0.105000
-0.123000
-0.123000
-0.126000
-0.111000
-0.102000
-0.087000
-0.057000
-0.030000
-0.015000
0.000000
0.018000
0.036000
0.048000
0.072000
0.063000
0.036000
0.021000
-0.015000
-0.030000
-0.063000
-0.033000
0.015000
0.048000
0.060000
0.057000
0.069000
0.072000
0.087000
0.090000
0.099000
0.102000
0.102000
0.099000
0.102000
0.105000
0.105000
0.102000
0.105000
0.105000
0.111000
0.108000
0.108000
0.105000
0.123000
0.141000
0.153000
0.171000
0.174000
0.186000
0.189000
0.192000
0.204000
0.216000
0.234000
0.246000
0.246000
0.231000
0.216000
0.183000
0.162000
0.162000
0.135000
0.096000
0.072000
0.027000
-0.027000
-0.072000
-0.075000
-0.072000
-0.075000
-0.123000
-0.150000
-0.168000
-0.192000
-0.216000
-0.243000
-0.270000
-0.318000
-0.360000
-0.387000
-0.426000
-0.438000
-0.432000
-0.435000
-0.420000
-0.384000
-0.336000
-0.279000
-0.222000
-0.168000
-0.126000
-0.090000
-0.057000
-0.033000
-0.015000
0.000000
0.018000
0.042000
0.051000
0.069000
0.090000
0.096000
0.108000
0.108000
0.117000
0.144000
0.156000
0.153000
0.153000
0.141000
0.111000
0.078000
0.006000
-0.348000
-0.708000
-0.747000
-0.822000
-0.939000
-0.942000
-0.804000
-0.708000
-0.615000
-0.561000
-0.324000
-0.114000
0.144000
0.372000
0.693000
0.852000
1.014000
1.008000
0.798000
0.537000
0.777000
0.870000
0.744000
0.489000
0.372000
0.279000
0.168000
0.168000
0.177000
0.111000
0.075000
0.039000
0.009000
0.000000
-0.039000
-0.057000
-0.096000
-0.123000
-0.147000
-0.159000
-0.171000
-0.168000
-0.171000
-0.177000
-0.177000
-0.162000
-0.159000
-0.147000
-0.144000
-0.138000
-0.102000
-0.069000
-0.012000
0.036000
0.072000
0.060000
0.054000
0.021000
0.003000
0.000000
0.009000
-0.003000
-0.015000
-0.012000
-0.003000
0.003000
0.006000
-0.003000
-0.012000
-0.021000
-0.021000
-0.036000
-0.021000
-0.015000
0.009000
0.036000
0.045000
0.054000
0.066000
0.069000
0.048000
0.033000
0.006000
-0.018000
-0.021000
-0.009000
0.003000
0.024000
0.042000
0.057000
0.054000
0.057000
0.060000
0.051000
0.045000
0.057000
0.051000
0.045000
0.039000
0.039000
0.042000
0.036000
0.039000
0.045000
0.036000
0.051000
0.063000
0.075000
0.078000
0.066000
0.042000
0.030000
0.030000
0.012000
0.000000
-0.033000
-0.057000
-0.093000
-0.111000
-0.108000
-0.102000
-0.093000
-0.081000
-0.078000
-0.066000
-0.054000
-0.042000
-0.039000
-0.030000
-0.027000
-0.015000
-0.009000
0.003000
0.012000
0.021000
0.030000
0.036000
0.045000
0.048000
0.048000
0.057000
0.054000
0.057000
0.057000
0.054000
0.054000
0.045000
0.048000
0.042000
0.039000
0.033000
0.027000
0.027000
0.036000
0.036000
0.060000
0.069000
0.057000
0.060000
0.084000
0.096000
0.096000
0.051000
-0.183000
-0.501000
-0.522000
-0.594000
-0.624000
-0.501000
-0.462000
-0.552000
-0.690000
-0.798000
-0.858000
-0.678000
-0.498000
-0.243000
-0.072000
0.132000
0.294000
0.438000
0.396000
0.855000
1.179000
1.158000
0.915000
0.567000
0.405000
0.363000
0.354000
0.294000
0.255000
0.219000
0.171000
0.084000
-0.009000
-0.099000
-0.171000
-0.225000
-0.243000
-0.249000
-0.240000
-0.240000
-0.216000
-0.207000
-0.180000
-0.171000
-0.192000
-0.249000
-0.288000
-0.297000
-0.249000
-0.177000
-0.132000
-0.087000
-0.039000
-0.003000
0.027000
0.057000
0.114000
0.147000
0.177000
0.171000
0.150000
0.156000
0.141000
0.150000
0.120000
0.108000
0.093000
0.090000
0.087000
0.084000
0.084000
0.090000
0.099000
0.084000
0.072000
0.048000
0.030000
0.012000
-0.027000
-0.054000
-0.081000
-0.075000
-0.066000
-0.087000
-0.078000
-0.054000
-0.036000
-0.030000
-0.051000
-0.054000
-0.051000
-0.039000
-0.036000
-0.054000
-0.039000
-0.030000
-0.030000
-0.042000
-0.039000
-0.003000
0.024000
0.057000
0.087000
0.111000
0.123000
0.141000
0.138000
0.129000
0.111000
0.111000
0.096000
0.093000
0.084000
0.078000
0.066000
0.054000
0.042000
0.033000
0.024000
0.006000
0.000000
-0.006000
-0.009000
-0.009000
-0.012000
-0.015000
-0.015000
-0.024000
-0.027000
-0.018000
-0.015000
-0.012000
-0.012000
-0.012000
-0.012000
-0.006000
-0.006000
-0.009000
-0.006000
-0.012000
-0.009000
-0.009000
-0.015000
-0.009000
-0.006000
-0.009000
-0.006000
-0.003000
-0.003000
0.003000
0.006000
0.000000
0.009000
0.015000
0.006000
0.000000
-0.027000
-0.066000
-0.120000
-0.135000
-0.147000
-0.126000
-0.087000
-0.015000
0.057000
0.123000
0.153000
0.135000
0.081000
0.033000
0.024000
0.033000
0.054000
0.051000
0.048000
0.078000
0.087000
0.093000
0.099000
0.102000
0.105000
0.069000
0.066000
0.114000
0.162000
0.162000
0.213000
0.243000
0.207000
-0.003000
-0.318000
-0.534000
-0.591000
-0.501000
-0.426000
-0.513000
-0.651000
-0.648000
-0.303000
0.243000
0.483000
0.141000
0.288000
0.249000
0.126000
0.066000
0.066000
0.057000
0.054000
0.033000
0.003000
-0.036000
-0.063000
-0.063000
-0.057000
-0.093000
-0.162000
-0.231000
-0.228000
-0.180000
-0.117000
-0.051000
-0.012000
-0.003000
0.000000
0.015000
0.003000
0.000000
-0.009000
-0.003000
-0.015000
-0.015000
-0.012000
-0.024000
-0.015000
-0.006000
0.000000
0.015000
0.027000
0.042000
0.051000
0.063000
0.072000
0.102000
0.114000
0.120000
0.123000
0.132000
0.135000
0.144000
0.144000
0.141000
0.132000
0.108000
0.093000
0.084000
0.060000
0.039000
0.024000
0.003000
-0.012000
-0.027000
-0.042000
-0.045000
-0.048000
-0.021000
-0.003000
0.003000
0.021000
0.021000
0.018000
0.021000
0.024000
0.024000
0.024000
0.021000
0.003000
-0.009000
-0.003000
0.012000
0.021000
0.030000
0.036000
0.024000
0.012000
-0.006000
-0.021000
-0.027000
-0.021000
-0.015000
-0.021000
-0.015000
-0.018000
-0.012000
-0.021000
-0.018000
-0.024000
-0.033000
-0.039000
-0.057000
-0.063000
-0.063000
-0.045000
-0.036000
-0.027000
-0.018000
-0.009000
-0.003000
0.000000
0.012000
0.015000
0.021000
0.021000
0.024000
0.027000
0.021000
0.021000
0.021000
0.021000
0.015000
0.009000
-0.009000
-0.027000
-0.045000
-0.066000
-0.087000
-0.066000
-0.042000
-0.018000
-0.015000
0.021000
0.078000
0.132000
0.171000
0.195000
0.234000
0.228000
0.210000
0.180000
0.144000
0.108000
0.069000
0.060000
0.045000
0.015000
-0.003000
-0.015000
-0.012000
-0.012000
0.000000
-0.057000
-0.159000
-0.252000
-0.285000
-0.276000
-0.240000
-0.177000
-0.114000
-0.057000
-0.039000
-0.015000
-0.006000
-0.015000
0.000000
0.030000
0.012000
-0.027000
-0.132000
-0.423000
-0.597000
-0.729000
-0.765000
-0.570000
-0.474000
-0.483000
-0.555000
-0.552000
-0.354000
-0.048000
0.153000
0.135000
0.063000
0.387000
0.726000
0.633000
0.585000
0.567000
0.474000
0.417000
0.381000
0.336000
0.294000
0.279000
0.252000
0.219000
0.216000
0.210000
0.201000
0.204000
0.192000
0.174000
0.144000
0.108000
0.081000
0.051000
0.018000
-0.012000
-0.039000
-0.063000
-0.081000
-0.084000
-0.090000
-0.090000
-0.093000
-0.090000
-0.090000
-0.084000
-0.078000
-0.081000
-0.078000
-0.078000
-0.075000
-0.069000
-0.060000
-0.051000
-0.036000
-0.030000
-0.021000
-0.018000
-0.009000
0.000000
0.003000
0.015000
0.021000
0.012000
0.000000
-0.006000
0.000000
0.003000
0.003000
-0.006000
-0.006000
-0.018000
-0.027000
-0.021000
-0.042000
-0.045000
-0.069000
-0.075000
-0.066000
-0.060000
-0.057000
-0.048000
-0.045000
-0.051000
-0.054000
-0.048000
-0.051000
-0.054000
-0.048000
-0.036000
-0.024000
-0.006000
0.018000
0.066000
0.105000
0.123000
0.129000
0.120000
0.108000
0.084000
0.051000
0.018000
0.015000
0.012000
0.009000
-0.006000
-0.024000
-0.048000
-0.045000
0.000000
0.039000
0.066000
0.081000
0.093000
0.144000
0.162000
0.186000
0.201000
0.213000
0.228000
0.234000
0.234000
0.210000
0.168000
0.120000
0.069000
0.024000
-0.012000
-0.057000
-0.078000
-0.093000
-0.117000
-0.123000
-0.135000
-0.144000
-0.168000
-0.180000
-0.183000
-0.171000
-0.156000
-0.135000
-0.120000
-0.111000
-0.087000
-0.063000
-0.051000
-0.018000
-0.006000
0.006000
0.018000
0.030000
0.033000
0.039000
0.060000
0.081000
0.087000
0.084000
0.036000
-0.033000
-0.183000
-0.393000
-0.534000
-0.579000
-0.624000
-0.747000
-0.720000
-0.678000
-0.690000
-0.684000
-0.639000
-0.549000
-0.237000
0.021000
0.222000
0.333000
0.315000
0.252000
0.072000
-0.195000
0.078000
0.495000
0.705000
0.771000
0.666000
0.372000
0.099000
-0.039000
-0.048000
0.057000
0.270000
0.222000
0.195000
0.171000
0.171000
0.159000
0.150000
0.150000
0.171000
0.159000
0.159000
0.165000
0.162000
0.156000
0.153000
0.177000
0.198000
0.207000
0.186000
0.150000
0.123000
0.099000
0.090000
0.075000
0.051000
0.024000
0.027000
0.033000
0.033000
0.030000
0.042000
0.051000
0.042000
0.054000
0.054000
0.048000
0.030000
0.012000
-0.006000
-0.024000
-0.039000
-0.048000
-0.069000
-0.114000
-0.156000
-0.186000
-0.207000
-0.216000
-0.231000
-0.249000
-0.231000
-0.192000
-0.159000
-0.117000
-0.090000
-0.060000
-0.036000
-0.015000
-0.012000
-0.009000
-0.006000
-0.003000
-0.006000
-0.012000
-0.012000
-0.024000
-0.030000
-0.039000
-0.054000
-0.072000
-0.081000
-0.075000
-0.048000
-0.021000
0.003000
0.030000
0.054000
0.069000
0.078000
0.069000
0.081000
0.084000
0.108000
0.132000
0.153000
0.165000
0.159000
0.150000
0.138000
0.108000
0.072000
0.036000
0.009000
-0.021000
-0.042000
-0.039000
-0.027000
-0.006000
0.018000
0.021000
0.018000
0.015000
0.015000
0.006000
0.000000
0.003000
0.012000
0.015000
0.009000
0.015000
0.018000
0.012000
0.006000
-0.003000
-0.006000
-0.024000
-0.039000
-0.045000
-0.057000
-0.051000
-0.054000
-0.039000
-0.018000
-0.012000
0.003000
0.012000
0.024000
0.048000
0.072000
0.069000
0.081000
0.096000
0.075000
-0.081000
-0.306000
-0.459000
-0.534000
-0.519000
-0.543000
-0.441000
-0.384000
-0.444000
-0.501000
-0.465000
-0.255000
0.000000
0.156000
0.228000
0.249000
0.246000
0.210000
0.105000
0.123000
0.429000
0.642000
0.666000
0.585000
0.372000
0.108000
-0.027000
-0.120000
-0.132000
-0.093000
0.021000
0.102000
0.036000
0.021000
0.021000
0.003000
-0.018000
-0.045000
-0.084000
-0.099000
-0.096000
-0.090000
-0.078000
-0.057000
-0.030000
-0.012000
-0.003000
0.000000
-0.003000
-0.009000
-0.006000
0.015000
0.024000
0.054000
0.075000
0.093000
0.102000
0.120000
0.141000
0.159000
0.147000
0.111000
0.075000
0.063000
0.042000
0.039000
0.018000
-0.003000
-0.015000
-0.015000
-0.021000
-0.006000
0.000000
0.000000
-0.015000
-0.015000
-0.030000
-0.030000
-0.036000
-0.042000
-0.036000
-0.030000
-0.030000
-0.021000
-0.009000
0.006000
0.009000
0.018000
0.033000
0.051000
0.060000
0.066000
0.054000
0.015000
-0.021000
-0.063000
-0.096000
-0.102000
-0.063000
-0.024000
0.006000
0.009000
0.015000
0.018000
0.036000
0.066000
0.087000
0.078000
0.099000
0.114000
0.105000
0.105000
0.066000
0.048000
0.006000
-0.036000
-0.072000
-0.111000
-0.144000
-0.171000
-0.195000
-0.216000
-0.231000
-0.219000
-0.210000
-0.210000
-0.198000
-0.177000
-0.144000
-0.108000
-0.072000
-0.039000
-0.021000
-0.012000
0.000000
0.018000
0.039000
0.060000
0.087000
0.093000
0.102000
0.108000
0.108000
0.117000
0.126000
0.135000
0.132000
0.120000
0.120000
0.111000
0.105000
0.093000
0.090000
0.102000
0.087000
0.075000
0.057000
0.054000
0.066000
0.024000
-0.141000
-0.276000
-0.372000
-0.429000
-0.471000
-0.510000
-0.528000
-0.573000
-0.609000
-0.564000
-0.465000
-0.225000
-0.048000
0.045000
0.132000
0.111000
0.147000
0.240000
0.213000
0.234000
0.630000
0.771000
0.642000
0.396000
0.216000
0.069000
-0.096000
0.015000
0.144000
0.201000
0.252000
0.243000
0.225000
0.192000
0.159000
0.105000
0.069000
0.039000
0.012000
-0.015000
-0.042000
-0.060000
-0.078000
-0.090000
-0.093000
-0.108000
-0.102000
-0.114000
-0.108000
-0.087000
-0.051000
-0.015000
-0.015000
-0.030000
-0.012000
0.036000
0.042000
-0.012000
-0.069000
-0.078000
-0.069000
-0.027000
0.000000
0.027000
0.039000
0.030000
0.021000
0.036000
0.048000
0.057000
0.045000
0.039000
0.018000
0.021000
0.024000
0.045000
0.048000
0.054000
0.057000
0.054000
0.048000
0.048000
0.039000
0.033000
0.027000
0.024000
0.009000
0.000000
-0.021000
-0.036000
-0.054000
-0.084000
-0.099000
-0.129000
-0.126000
-0.105000
-0.051000
-0.024000
0.000000
0.006000
0.012000
0.006000
0.021000
0.021000
0.030000
0.021000
0.024000
0.033000
0.036000
0.036000
0.063000
0.093000
0.108000
0.117000
0.147000
0.132000
0.111000
0.069000
0.042000
0.009000
0.015000
0.018000
0.006000
0.003000
-0.003000
0.006000
-0.003000
-0.009000
-0.021000
-0.021000
-0.015000
-0.015000
-0.018000
0.009000
0.027000
0.021000
0.024000
0.033000
0.024000
0.000000
0.003000
0.009000
0.012000
0.006000
-0.003000
-0.003000
-0.012000
-0.012000
-0.036000
-0.060000
-0.099000
-0.141000
-0.144000
-0.141000
-0.165000
-0.240000
-0.288000
-0.375000
-0.459000
-0.579000
-0.687000
-0.819000
-0.933000
-0.924000
-0.723000
-0.447000
-0.243000
-0.156000
-0.096000
-0.015000
0.171000
0.360000
0.522000
0.582000
0.462000
0.171000
-0.057000
0.324000
0.852000
1.137000
1.266000
1.278000
1.065000
0.771000
0.441000
0.258000
0.123000
0.120000
0.102000
-0.033000
-0.141000
-0.213000
-0.237000
-0.252000
-0.255000
-0.270000
-0.273000
-0.255000
-0.252000
-0.234000
-0.210000
-0.213000
-0.201000
-0.183000
-0.162000
-0.147000
-0.126000
-0.102000
-0.099000
-0.078000
-0.072000
-0.051000
-0.045000
-0.033000
-0.027000
-0.030000
-0.030000
-0.018000
-0.009000
0.000000
0.006000
0.021000
0.045000
0.066000
0.087000
0.096000
0.099000
0.102000
0.096000
0.084000
0.072000
0.033000
0.003000
0.000000
0.006000
0.021000
0.051000
0.057000
0.054000
0.036000
0.015000
0.015000
0.018000
0.015000
0.015000
0.006000
0.003000
-0.009000
-0.009000
-0.024000
-0.021000
-0.009000
0.000000
0.015000
0.021000
0.015000
0.009000
0.000000
-0.015000
-0.027000
-0.036000
-0.042000
-0.039000
-0.033000
-0.033000
-0.045000
-0.060000
-0.066000
-0.057000
-0.030000
-0.015000
-0.021000
-0.054000
-0.066000
0.012000
0.141000
0.228000
0.312000
0.360000
0.363000
0.324000
0.288000
0.246000
0.204000
0.174000
0.111000
0.057000
0.012000
-0.030000
-0.051000
-0.054000
-0.066000
-0.102000
-0.120000
-0.147000
-0.165000
-0.162000
-0.171000
-0.168000
-0.159000
-0.141000
-0.126000
-0.126000
-0.120000
-0.105000
-0.081000
-0.060000
-0.147000
-0.324000
-0.399000
-0.414000
-0.492000
-0.519000
-0.522000
-0.495000
-0.462000
-0.399000
-0.372000
-0.339000
-0.279000
-0.228000
-0.192000
-0.012000
0.228000
0.555000
0.609000
0.588000
0.285000
0.126000
0.174000
0.435000
0.570000
0.561000
0.495000
0.393000
0.309000
0.339000
0.366000
0.303000
0.243000
0.201000
0.165000
0.126000
0.087000
0.051000
0.012000
-0.012000
-0.036000
-0.060000
-0.078000
-0.084000
-0.096000
-0.105000
-0.099000
-0.084000
-0.072000
-0.066000
-0.087000
-0.105000
-0.120000
-0.159000
-0.249000
-0.309000
-0.336000
-0.327000
-0.291000
-0.252000
-0.201000
-0.138000
-0.096000
-0.051000
-0.021000
0.003000
0.030000
0.054000
0.069000
0.081000
0.096000
0.126000
0.171000
0.219000
0.261000
0.291000
0.315000
0.312000
0.285000
0.243000
0.183000
0.117000
0.063000
0.015000
-0.024000
-0.051000
-0.090000
-0.141000
-0.192000
-0.186000
-0.168000
-0.183000
-0.192000
-0.198000
-0.129000
-0.066000
-0.057000
-0.057000
-0.051000
-0.036000
-0.030000
-0.030000
-0.009000
0.000000
0.012000
0.009000
0.018000
0.015000
0.012000
0.006000
0.000000
-0.006000
-0.018000
-0.027000
-0.033000
-0.018000
0.009000
0.039000
0.051000
0.060000
0.069000
0.078000
0.069000
0.054000
0.063000
0.087000
0.084000
0.099000
0.105000
0.105000
0.111000
0.099000
0.072000
0.042000
0.030000
0.021000
0.030000
0.033000
0.045000
0.048000
0.036000
0.036000
0.042000
0.057000
0.051000
0.054000
0.051000
0.045000
0.039000
0.039000
0.039000
0.024000
0.021000
0.021000
0.021000
0.021000
0.027000
-0.003000
-0.171000
-0.387000
-0.492000
-0.525000
-0.507000
-0.567000
-0.579000
-0.546000
-0.540000
-0.534000
-0.471000
-0.360000
-0.195000
0.012000
0.183000
0.288000
0.327000
0.288000
0.156000
-0.069000
-0.285000
-0.027000
0.342000
0.516000
0.558000
0.507000
0.420000
0.258000
0.120000
0.120000
0.210000
0.387000
0.348000
0.228000
0.150000
0.120000
0.108000
0.084000
0.054000
0.018000
-0.018000
-0.051000
-0.060000
-0.051000
-0.066000
-0.069000
-0.069000
-0.054000
-0.045000
-0.033000
-0.042000
-0.027000
-0.021000
-0.015000
-0.012000
-0.015000
-0.042000
-0.075000
-0.117000
-0.138000
-0.135000
-0.111000
-0.096000
-0.087000
-0.060000
-0.012000
0.021000
0.036000
0.057000
0.069000
0.081000
0.102000
0.120000
0.126000
0.135000
0.153000
0.168000
0.168000
0.168000
0.174000
0.171000
0.156000
0.159000
0.153000
0.132000
0.093000
0.054000
0.030000
0.009000
-0.027000
-0.051000
-0.075000
-0.126000
-0.162000
-0.186000
-0.207000
-0.204000
-0.195000
-0.198000
-0.177000
-0.135000
-0.093000
-0.048000
0.000000
0.036000
0.063000
0.036000
0.012000
-0.012000
-0.045000
-0.069000
-0.084000
-0.054000
-0.042000
-0.039000
-0.045000
-0.045000
-0.030000
-0.018000
-0.006000
0.006000
0.021000
0.015000
0.021000
0.021000
0.030000
0.030000
0.012000
-0.021000
-0.075000
-0.102000
-0.096000
-0.090000
-0.021000
0.060000
0.069000
0.081000
0.030000
0.000000
-0.012000
0.009000
0.012000
0.006000
-0.003000
0.000000
0.000000
-0.006000
-0.012000
-0.006000
0.000000
0.006000
0.012000
0.006000
0.012000
0.009000
0.006000
-0.003000
0.003000
0.006000
0.012000
0.021000
0.024000
0.030000
0.045000
0.054000
0.066000
0.078000
0.075000
0.075000
0.075000
0.078000
0.087000
0.093000
0.060000
-0.006000
-0.111000
-0.213000
-0.327000
-0.402000
-0.417000
-0.678000
-0.954000
-1.068000
-0.939000
-0.594000
-0.300000
-0.300000
-0.201000
0.135000
0.642000
0.867000
0.900000
0.831000
0.666000
0.519000
0.450000
0.444000
0.408000
0.363000
0.333000
0.279000
0.210000
0.141000
0.090000
0.045000
0.006000
-0.024000
-0.069000
-0.099000
-0.129000
-0.150000
-0.159000
-0.159000
-0.165000
-0.162000
-0.159000
-0.147000
-0.135000
-0.117000
-0.099000
-0.102000
-0.132000
-0.192000
-0.210000
-0.210000
-0.189000
-0.174000
-0.180000
-0.192000
-0.174000
-0.147000
-0.114000
-0.081000
-0.051000
-0.012000
0.006000
0.021000
0.027000
0.030000
0.051000
0.054000
0.066000
0.075000
0.084000
0.078000
0.087000
0.090000
0.102000
0.105000
0.111000
0.114000
0.111000
0.114000
0.117000
0.117000
0.111000
0.114000
0.111000
0.108000
0.108000
0.105000
0.096000
0.090000
0.078000
0.078000
0.069000
0.063000
0.051000
0.054000
0.042000
0.039000
0.036000
0.033000
0.027000
0.030000
0.024000
0.024000
0.024000
0.027000
0.027000
0.027000
0.027000
0.024000
0.021000
0.018000
0.027000
0.018000
0.018000
0.021000
0.009000
0.009000
0.006000
0.003000
0.003000
0.000000
-0.003000
0.000000
0.003000
0.003000
0.012000
0.015000
0.015000
0.012000
0.006000
0.000000
0.000000
0.003000
0.000000
-0.003000
-0.003000
-0.006000
-0.012000
-0.012000
-0.018000
-0.018000
-0.021000
-0.030000
-0.030000
-0.042000
-0.048000
-0.063000
-0.069000
-0.087000
-0.072000
-0.045000
-0.009000
0.021000
0.039000
0.039000
0.021000
0.018000
0.015000
0.006000
0.009000
0.015000
0.018000
0.030000
0.048000
0.060000
0.072000
0.078000
0.078000
0.063000
0.048000
0.018000
-0.054000
-0.108000
-0.114000
-0.048000
0.042000
0.075000
0.096000
0.072000
0.048000
0.045000
0.018000
0.006000
-0.009000
-0.024000
-0.078000
-0.195000
-0.363000
-0.819000
-1.230000
-1.425000
-1.401000
-0.933000
-0.690000
-0.333000
-0.081000
-0.054000
0.402000
0.672000
0.813000
0.897000
0.897000
0.891000
0.723000
0.537000
0.402000
0.315000
0.204000
0.138000
0.060000
0.003000
-0.045000
-0.072000
-0.108000
-0.135000
-0.129000
-0.117000
-0.123000
-0.120000
-0.105000
-0.090000
-0.087000
-0.078000
-0.057000
-0.036000
-0.009000
0.006000
0.024000
0.027000
0.024000
0.030000
0.042000
0.042000
0.054000
0.051000
0.051000
0.057000
0.060000
0.066000
0.063000
0.057000
0.057000
0.051000
0.045000
0.027000
0.012000
-0.006000
-0.021000
-0.018000
-0.018000
-0.018000
-0.012000
-0.024000
-0.024000
-0.024000
-0.021000
-0.018000
-0.021000
-0.006000
-0.012000
-0.009000
-0.012000
-0.009000
-0.015000
-0.012000
-0.012000
-0.003000
-0.003000
0.003000
-0.003000
-0.006000
-0.003000
-0.006000
-0.009000
0.000000
0.000000
0.006000
0.012000
0.024000
0.024000
0.030000
0.030000
0.030000
0.036000
0.045000
0.051000
0.057000
0.069000
0.072000
0.078000
0.087000
0.096000
0.108000
0.111000
0.105000
0.105000
0.108000
0.114000
0.126000
0.123000
0.117000
0.105000
0.096000
0.084000
0.069000
0.066000
0.069000
0.087000
0.087000
0.087000
0.087000
0.084000
0.063000
0.057000
0.051000
0.033000
-0.003000
-0.045000
-0.075000
-0.105000
-0.141000
-0.165000
-0.180000
-0.219000
-0.249000
-0.264000
-0.279000
-0.270000
-0.270000
-0.282000
-0.282000
-0.255000
-0.225000
-0.189000
-0.153000
-0.108000
-0.081000
-0.051000
-0.024000
0.000000
0.015000
0.030000
0.039000
0.060000
0.069000
0.078000
0.081000
0.087000
0.087000
0.090000
0.084000
0.069000
0.042000
0.012000
-0.003000
-0.009000
0.018000
0.045000
0.087000
0.090000
0.063000
0.048000
0.042000
0.027000
0.006000
-0.099000
-0.336000
-0.570000
-0.756000
-0.849000
-0.735000
-0.576000
-0.609000
-0.642000
-0.486000
-0.246000
0.135000
0.537000
0.750000
0.555000
0.759000
0.870000
0.732000
0.582000
0.498000
0.447000
0.405000
0.342000
0.303000
0.258000
0.177000
0.084000
-0.003000
-0.078000
