# Simple Text Format
# Sampling Rate (Hz):= 1000.00
# WOI: [-137, 51]
# Reference: 2000
# Units:= mV
0.003000
0.000000
0.003000
0.000000
0.000000
0.000000
0.000000
0.000000
-0.003000
0.003000
0.000000
0.000000
0.000000
0.003000
0.000000
0.000000
-0.003000
0.000000
0.000000
0.000000
0.000000
0.000000
0.000000
0.000000
0.000000
0.000000
0.000000
0.006000
0.003000
0.000000
0.000000
0.000000
-0.006000
0.000000
-0.006000
0.000000
0.000000
0.000000
0.000000
0.000000
0.006000
0.000000
0.000000
0.000000
0.000000
0.003000
0.000000
0.003000
0.003000
0.006000
0.009000
0.018000
0.012000
0.021000
0.024000
0.021000
0.021000
0.024000
0.021000
0.015000
0.012000
0.015000
0.009000
0.006000
0.006000
0.006000
0.000000
0.003000
-0.003000
-0.006000
-0.006000
-0.012000
-0.015000
-0.060000
-0.099000
-0.090000
-0.051000
-0.048000
-0.039000
-0.033000
-0.018000
-0.018000
-0.012000
-0.006000
0.000000
-0.003000
0.003000
0.006000
0.006000
0.015000
0.015000
0.015000
0.015000
0.021000
0.018000
0.021000
0.018000
0.030000
0.027000
0.015000
0.012000
0.015000
0.012000
0.012000
0.012000
0.015000
0.012000
0.015000
0.006000
0.009000
0.003000
0.006000
0.000000
0.000000
0.000000
0.000000
0.000000
0.003000
0.006000
0.000000
0.000000
-0.003000
-0.006000
-0.006000
-0.003000
-0.009000
-0.003000
-0.006000
-0.009000
-0.003000
0.000000
0.000000
0.000000
0.000000
0.000000
0.000000
0.000000
-0.003000
0.000000
0.000000
0.000000
0.000000
0.003000
0.006000
0.000000
0.003000
0.006000
0.003000
0.003000
0.000000
0.000000
0.003000
0.000000
0.003000
0.000000
0.003000
0.003000
0.003000
0.000000
0.000000
0.009000
0.006000
0.006000
0.003000
0.003000
0.006000
0.003000
0.000000
0.000000
0.003000
0.000000
0.000000
0.000000
0.000000
0.000000
0.000000
-0.003000
-0.003000
0.000000
-0.003000
-0.003000
-0.015000
-0.018000
-0.009000
-0.009000
-0.009000
-0.006000
0.000000
-0.003000
0.000000
0.000000
0.000000
-0.006000
-0.003000
0.000000
0.000000
0.000000
0.000000
0.000000
0.000000
0.000000
0.009000
0.009000
0.003000
0.000000
0.003000
0.000000
0.000000
0.000000
0.000000
0.006000
0.000000
0.003000
0.000000
0.012000
0.000000
0.000000
0.000000
0.000000
0.000000
0.003000
0.000000
0.003000
0.003000
0.003000
0.003000
0.000000
0.006000
0.003000
0.000000
0.000000
0.006000
-0.003000
0.000000
0.000000
0.000000
0.000000
-0.003000
0.003000
0.000000
0.000000
0.003000
0.003000
0.000000
0.000000
0.000000
0.006000
0.000000
0.000000
0.000000
0.000000
0.000000
0.000000
0.000000
0.003000
0.003000
0.000000
-0.003000
0.000000
0.000000
0.000000
-0.003000
0.000000
0.000000
0.000000
0.000000
0.000000
0.000000
0.000000
0.000000
0.000000
0.000000
0.000000
0.000000
0.000000
-0.003000
0.000000
0.000000
0.000000
0.000000
0.000000
0.000000
0.000000
0.000000
-0.003000
0.000000
0.000000
-0.003000
0.000000
0.000000
0.000000
0.000000
0.000000
0.003000
0.006000
0.000000
0.000000
0.000000
0.000000
0.000000
0.000000
0.003000
0.000000
0.003000
0.000000
0.003000
0.000000
0.000000
0.000000
0.000000
0.000000
-0.003000
-0.006000
-0.003000
0.000000
-0.003000
-0.003000
0.000000
0.000000
0.000000
0.000000
0.000000
0.000000
-0.003000
0.000000
0.000000
0.000000
0.000000
0.000000
0.000000
0.000000
0.000000
0.000000
0.003000
0.000000
0.000000
0.000000
0.000000
0.000000
0.000000
0.000000
-0.006000
-0.003000
0.000000
0.000000
0.000000
0.000000
0.003000
0.000000
0.000000
0.000000
-0.003000
0.000000
-0.003000
0.000000
0.000000
0.000000
0.000000
0.000000
0.000000
0.000000
0.000000
0.000000
0.000000
0.000000
0.000000
0.000000
0.000000
-0.003000
0.000000
0.000000
0.000000
0.003000
0.000000
0.000000
0.003000
0.000000
0.000000
0.000000
-0.006000
-0.003000
-0.003000
0.000000
0.000000
0.000000
0.000000
0.000000
0.000000
0.000000
0.006000
0.000000
0.000000
-0.003000
0.000000
-0.003000
-0.003000
-0.006000
0.000000
0.000000
-0.003000
-0.003000
-0.003000
0.000000
0.000000
0.000000
-0.003000
-0.003000
0.000000
0.000000
-0.006000
0.000000
-0.003000
0.000000
-0.006000
0.003000
0.000000
0.000000
-0.003000
0.000000
-0.003000
0.000000
0.000000
-0.003000
0.000000
0.000000
0.000000
0.000000
-0.003000
0.003000
0.000000
0.000000
0.000000
0.000000
0.000000
0.000000
0.000000
0.000000
0.000000
0.003000
0.000000
0.000000
0.000000
0.000000
-0.003000
0.000000
-0.006000
-0.003000
-0.006000
-0.006000
-0.003000
-0.003000
0.000000
0.000000
-0.003000
0.000000
0.000000
0.000000
0.000000
0.000000
0.003000
-0.003000
0.000000
0.000000
0.000000
0.003000
0.000000
0.003000
0.003000
0.006000
0.003000
0.000000
0.006000
0.003000
0.000000
0.000000
0.000000
0.000000
-0.003000
-0.003000
-0.003000
0.000000
0.003000
0.000000
0.000000
-0.003000
0.000000
0.000000
0.000000
-0.003000
0.000000
0.000000
-0.003000
0.000000
0.000000
0.003000
0.006000
0.000000
0.003000
0.000000
0.000000
0.000000
0.000000
0.000000
0.000000
-0.003000
0.003000
0.000000
0.003000
0.003000
0.003000
0.000000
0.000000
0.003000
0.000000
-0.003000
-0.003000
0.000000
0.003000
0.000000
0.003000
0.000000
0.003000
0.003000
0.003000
0.000000
0.000000
0.000000
0.000000
0.000000
0.000000
0.003000
0.000000
0.003000
0.000000
0.003000
0.003000
-0.006000
0.000000
-0.003000
-0.003000
0.000000
-0.006000
0.000000
-0.006000
0.000000
0.000000
0.003000
0.000000
0.000000
0.000000
0.000000
0.000000
0.000000
0.000000
0.000000
-0.003000
-0.003000
-0.003000
0.000000
0.003000
0.000000
0.003000
0.000000
0.000000
0.000000
0.000000
0.003000
0.000000
0.000000
0.000000
0.003000
0.003000
0.003000
0.000000
0.000000
0.006000
0.000000
0.000000
0.000000
0.000000
0.000000
0.000000
0.000000
0.000000
0.003000
0.000000
0.003000
0.000000
0.003000
0.000000
0.003000
0.000000
0.000000
0.000000
0.003000
0.003000
0.003000
0.012000
0.009000
0.009000
0.003000
0.006000
0.006000
0.006000
0.006000
0.000000
0.000000
0.000000
0.000000
-0.003000
-0.003000
-0.003000
0.000000
-0.006000
-0.003000
0.000000
-0.006000
0.000000
-0.006000
-0.006000
-0.009000
-0.009000
-0.012000
-0.009000
-0.006000
-0.006000
-0.003000
-0.003000
0.000000
0.000000
-0.003000
0.000000
-0.006000
-0.003000
-0.006000
-0.003000
-0.003000
-0.003000
-0.003000
0.000000
0.000000
0.000000
0.003000
0.000000
0.006000
0.000000
0.000000
0.003000
0.000000
0.000000
0.000000
0.000000
0.000000
0.000000
0.000000
0.009000
0.003000
0.003000
0.003000
0.000000
0.000000
0.000000
0.000000
0.000000
0.000000
0.003000
0.003000
-0.003000
0.003000
0.000000
0.000000
0.000000
0.000000
0.000000
0.000000
-0.003000
0.000000
0.000000
0.000000
0.003000
0.000000
0.000000
0.003000
0.000000
0.000000
0.000000
0.000000
-0.003000
-0.003000
-0.003000
0.000000
0.000000
0.003000
0.000000
-0.003000
0.000000
0.000000
0.000000
0.000000
-0.003000
-0.003000
-0.003000
0.000000
-0.003000
-0.006000
0.000000
0.000000
-0.003000
0.003000
0.000000
0.000000
0.000000
0.000000
0.000000
-0.003000
0.000000
0.003000
-0.003000
0.000000
0.000000
0.000000
0.000000
0.006000
0.000000
0.000000
0.000000
0.000000
0.000000
-0.006000
0.000000
0.000000
0.000000
0.003000
0.000000
0.000000
0.000000
0.000000
0.003000
0.000000
0.000000
0.000000
0.000000
0.000000
0.000000
0.000000
0.003000
0.000000
0.000000
0.003000
0.003000
0.000000
0.000000
-0.003000
0.000000
-0.003000
0.000000
0.000000
0.000000
0.000000
0.000000
0.000000
0.000000
0.006000
0.000000
0.000000
0.003000
0.000000
-0.003000
0.000000
-0.003000
0.000000
0.000000
0.000000
-0.003000
0.000000
0.003000
0.000000
0.000000
0.000000
0.000000
0.000000
0.000000
0.000000
-0.003000
0.000000
0.000000
0.000000
0.000000
0.000000
0.000000
0.000000
0.006000
0.000000
0.000000
0.000000
0.000000
0.000000
0.000000
0.000000
0.003000
0.000000
-0.003000
0.003000
0.000000
0.000000
0.000000
0.000000
-0.003000
0.000000
0.000000
-0.003000
0.000000
0.000000
0.000000
0.000000
0.003000
0.000000
0.000000
-0.003000
-0.003000
-0.003000
-0.003000
0.000000
0.000000
-0.003000
0.000000
0.000000
0.000000
0.000000
0.000000
0.000000
0.000000
0.000000
0.000000
0.000000
0.000000
-0.003000
0.000000
0.000000
0.000000
0.000000
0.000000
0.000000
0.000000
0.000000
0.000000
0.000000
0.000000
0.000000
-0.003000
0.000000
0.000000
-0.003000
0.000000
0.000000
0.000000
-0.003000
0.000000
0.000000
0.000000
0.000000
0.000000
0.000000
0.000000
0.000000
0.003000
0.003000
0.003000
0.000000
0.009000
0.000000
0.000000
0.006000
0.006000
0.003000
0.009000
0.012000
0.018000
0.015000
0.018000
0.015000
0.003000
0.009000
0.018000
0.024000
0.036000
0.042000
0.057000
0.111000
0.270000
0.501000
0.735000
0.981000
1.398000
1.686000
0.246000
-3.195000
-2.220000
-1.035000
-0.642000
-0.468000
-0.306000
-0.255000
-0.180000
-0.096000
-0.039000
-0.012000
0.048000
0.114000
0.165000
0.183000
0.192000
0.198000
0.192000
0.174000
0.150000
0.135000
0.123000
0.111000
0.099000
0.087000
0.078000
0.072000
0.063000
0.054000
0.051000
0.048000
0.039000
0.033000
0.024000
0.024000
0.012000
0.012000
0.015000
0.006000
0.000000
0.003000
0.000000
0.000000
-0.009000
-0.009000
-0.015000
-0.015000
-0.018000
-0.018000
-0.018000
-0.018000
-0.015000
-0.018000
-0.012000
-0.018000
-0.018000
-0.018000
-0.018000
-0.012000
-0.021000
-0.015000
-0.015000
-0.009000
-0.003000
-0.009000
-0.012000
-0.006000
-0.003000
-0.006000
-0.009000
-0.009000
-0.003000
-0.006000
-0.003000
-0.003000
-0.003000
-0.003000
-0.003000
-0.003000
-0.003000
0.000000
0.000000
0.000000
-0.006000
-0.006000
-0.003000
-0.009000
-0.003000
-0.006000
-0.003000
0.000000
-0.009000
-0.003000
0.000000
-0.003000
-0.006000
-0.006000
0.000000
-0.003000
-0.003000
-0.003000
-0.003000
-0.006000
-0.003000
-0.003000
-0.006000
0.000000
0.000000
-0.003000
-0.006000
0.000000
-0.003000
-0.003000
0.000000
0.000000
0.000000
0.000000
0.000000
0.000000
0.000000
0.000000
0.000000
0.003000
0.000000
0.000000
0.000000
0.000000
0.000000
-0.003000
0.000000
0.000000
0.006000
0.003000
0.009000
0.009000
0.006000
0.003000
0.009000
0.009000
0.006000
0.012000
0.012000
0.021000
0.021000
0.015000
0.024000
0.027000
0.024000
0.021000
0.021000
0.018000
0.018000
0.015000
0.012000
0.006000
0.003000
0.003000
0.000000
0.000000
0.000000
0.000000
-0.006000
-0.012000
-0.012000
-0.009000
-0.012000
-0.018000
-0.018000
-0.018000
-0.015000
-0.015000
-0.006000
-0.015000
-0.006000
-0.006000
-0.006000
0.000000
-0.006000
0.000000
-0.003000
-0.003000
0.000000
0.000000
0.000000
0.000000
0.000000
0.003000
0.003000
0.003000
0.000000
0.003000
0.000000
0.000000
0.000000
0.000000
0.000000
0.003000
0.000000
0.006000
0.000000
0.003000
0.000000
-0.003000
-0.003000
0.000000
-0.003000
-0.009000
0.000000
-0.006000
0.000000
-0.006000
0.000000
-0.003000
0.003000
0.000000
0.000000
-0.006000
0.000000
-0.003000
0.000000
0.003000
-0.003000
0.000000
-0.003000
0.000000
0.000000
0.000000
0.000000
0.000000
0.000000
0.000000
0.003000
0.000000
-0.003000
-0.006000
0.000000
0.000000
0.000000
0.000000
0.000000
0.003000
0.000000
0.000000
0.000000
0.000000
0.000000
0.000000
-0.003000
0.000000
0.003000
0.006000
0.000000
0.000000
0.006000
0.003000
0.006000
0.003000
0.006000
0.003000
0.003000
0.003000
0.000000
0.006000
0.006000
0.006000
0.003000
0.003000
0.006000
0.003000
0.003000
0.003000
0.000000
0.003000
0.000000
0.000000
0.000000
0.000000
0.003000
0.003000
0.000000
0.003000
0.003000
0.003000
0.000000
0.000000
0.000000
0.000000
0.000000
0.000000
0.000000
0.000000
0.000000
0.000000
0.003000
0.006000
0.000000
0.000000
0.000000
0.000000
0.003000
0.000000
0.000000
0.000000
0.003000
0.003000
0.003000
0.000000
0.003000
0.000000
0.003000
0.003000
0.000000
0.000000
0.000000
0.000000
0.000000
0.000000
0.000000
0.000000
-0.003000
0.003000
0.003000
0.000000
0.000000
0.000000
0.000000
0.000000
0.000000
-0.003000
0.000000
0.000000
0.000000
-0.003000
0.003000
0.006000
0.003000
0.000000
0.000000
0.000000
0.000000
0.000000
0.000000
0.000000
0.000000
0.000000
0.000000
0.000000
0.009000
0.000000
0.003000
0.000000
-0.003000
0.000000
0.000000
0.000000
0.000000
0.000000
0.000000
0.006000
0.000000
0.000000
0.000000
-0.003000
0.000000
-0.003000
-0.003000
-0.003000
0.000000
-0.006000
0.000000
0.000000
0.000000
0.000000
0.000000
0.000000
0.003000
0.000000
0.000000
0.000000
0.000000
0.003000
0.000000
0.000000
0.000000
0.003000
0.003000
0.000000
0.003000
0.003000
0.000000
0.000000
0.000000
0.000000
0.000000
-0.003000
-0.003000
0.000000
-0.003000
0.000000
0.003000
0.000000
0.000000
0.000000
0.000000
-0.003000
-0.003000
0.000000
-0.003000
0.000000
0.000000
0.000000
0.000000
0.000000
0.003000
0.000000
0.000000
0.000000
0.000000
0.000000
-0.006000
-0.003000
0.000000
0.000000
0.000000
0.003000
0.000000
0.000000
0.000000
0.003000
0.000000
0.003000
0.000000
0.000000
0.000000
-0.003000
-0.003000
0.000000
0.000000
0.000000
0.000000
-0.003000
0.000000
0.000000
0.000000
0.000000
0.000000
0.000000
0.000000
0.000000
0.000000
0.000000
0.000000
0.000000
0.000000
0.000000
0.000000
0.003000
-0.003000
0.000000
0.000000
0.000000
0.000000
0.000000
-0.003000
0.000000
0.000000
0.000000
0.000000
0.000000
0.000000
0.000000
0.000000
0.000000
-0.003000
0.000000
-0.003000
-0.003000
0.000000
0.000000
0.000000
0.000000
0.003000
0.000000
0.003000
0.000000
0.000000
0.000000
0.000000
-0.006000
0.000000
0.000000
0.000000
-0.003000
0.000000
0.006000
0.006000
0.000000
0.000000
0.003000
0.000000
0.000000
-0.003000
0.000000
0.000000
0.000000
0.000000
0.000000
0.003000
0.000000
0.000000
0.000000
0.000000
0.000000
0.000000
-0.003000
0.000000
-0.003000
-0.003000
0.003000
0.000000
-0.003000
0.003000
0.000000
-0.003000
0.000000
-0.003000
-0.003000
-0.003000
-0.003000
0.000000
0.000000
0.000000
-0.003000
0.000000
0.003000
-0.003000
0.000000
-0.003000
0.000000
-0.003000
-0.003000
0.000000
0.000000
-0.003000
0.000000
0.000000
0.000000
0.000000
0.003000
0.000000
0.000000
0.000000
0.000000
0.000000
-0.003000
0.000000
0.000000
0.000000
0.003000
0.000000
0.000000
0.000000
0.000000
0.000000
-0.003000
-0.003000
0.000000
0.000000
0.000000
0.000000
0.000000
0.000000
0.000000
0.000000
0.000000
0.000000
0.000000
-0.003000
0.000000
0.000000
0.000000
0.000000
0.000000
0.000000
0.000000
0.000000
0.000000
0.003000
0.003000
0.000000
0.003000
0.000000
0.003000
0.000000
0.000000
0.000000
0.000000
0.000000
0.000000
0.000000
0.000000
0.003000
0.000000
0.000000
0.000000
0.000000
0.000000
-0.003000
-0.003000
0.000000
0.000000
0.000000
0.003000
0.000000
0.000000
0.003000
0.000000
0.000000
-0.003000
0.000000
-0.003000
0.000000
0.000000
0.000000
0.003000
0.000000
0.000000
0.000000
0.003000
0.000000
0.000000
0.000000
0.000000
0.000000
0.000000
0.000000
0.000000
0.000000
0.006000
0.000000
0.000000
0.000000
0.000000
0.000000
0.000000
0.000000
0.000000
0.000000
-0.003000
0.000000
-0.003000
0.000000
0.000000
0.000000
0.003000
0.009000
-0.003000
0.000000
0.000000
-0.003000
0.000000
-0.003000
0.000000
0.000000
0.000000
0.000000
0.000000
0.000000
0.000000
0.000000
0.003000
0.000000
0.000000
0.000000
-0.003000
-0.003000
0.000000
-0.003000
0.000000
0.000000
0.000000
0.000000
0.003000
0.000000
0.000000
0.000000
-0.003000
0.000000
0.000000
0.000000
0.000000
0.000000
0.000000
0.000000
0.000000
0.003000
0.000000
0.000000
0.009000
0.000000
0.000000
0.000000
0.000000
0.000000
0.000000
0.000000
0.000000
0.000000
0.006000
0.003000
0.006000
0.000000
0.000000
0.000000
0.000000
0.000000
0.000000
0.000000
0.000000
0.000000
0.000000
0.003000
0.000000
0.000000
0.000000
0.003000
0.006000
0.006000
0.000000
0.000000
0.006000
0.000000
0.006000
0.000000
0.006000
0.006000
0.006000
0.000000
0.000000
0.000000
0.000000
-0.003000
0.000000
0.000000
0.000000
0.000000
-0.003000
-0.003000
0.000000
-0.003000
0.000000
0.000000
0.000000
-0.003000
-0.003000
-0.006000
-0.003000
-0.009000
0.000000
0.000000
-0.003000
0.000000
0.000000
-0.003000
0.000000
-0.003000
0.000000
0.000000
-0.003000
-0.003000
0.000000
-0.003000
0.000000
0.000000
0.000000
0.000000
0.000000
0.000000
-0.003000
0.000000
-0.003000
0.000000
0.000000
0.000000
-0.003000
0.000000
0.000000
0.000000
0.000000
-0.003000
0.000000
0.003000
0.000000
0.000000
0.000000
0.000000
0.000000
-0.003000
0.000000
0.000000
0.000000
0.000000
0.003000
0.000000
0.000000
-0.003000
0.000000
0.000000
0.000000
-0.003000
0.000000
-0.003000
0.000000
0.000000
0.000000
0.006000
0.000000
0.003000
0.000000
0.000000
-0.003000
0.000000
0.000000
0.000000
0.000000
0.000000
0.000000
0.000000
0.000000
0.000000
0.000000
0.000000
0.000000
0.000000
-0.003000
0.000000
-0.003000
0.000000
0.000000
0.000000
-0.003000
0.000000
0.000000
0.000000
0.000000
0.000000
0.000000
0.000000
0.000000
0.000000
0.000000
-0.003000
0.000000
0.003000
0.000000
0.006000
0.000000
0.000000
0.000000
0.000000
0.000000
0.000000
0.000000
0.000000
0.003000
0.000000
0.000000
0.000000
0.000000
0.000000
0.003000
0.000000
0.000000
0.000000
-0.003000
0.000000
0.000000
0.000000
0.000000
0.000000
0.003000
0.000000
0.003000
0.000000
0.000000
0.000000
0.000000
0.000000
-0.003000
0.000000
0.000000
0.000000
0.000000
0.003000
0.000000
0.003000
0.003000
0.003000
0.000000
0.000000
0.003000
0.000000
0.000000
0.000000
0.000000
0.000000
0.003000
0.000000
0.000000
0.003000
0.000000
0.000000
0.000000
0.003000
-0.003000
0.000000
0.000000
0.000000
0.000000
0.000000
0.000000
0.000000
0.003000
0.000000
0.000000
-0.003000
0.000000
-0.003000
0.000000
0.000000
0.000000
-0.003000
0.000000
0.000000
0.000000
0.003000
0.006000
0.000000
0.000000
0.000000
0.000000
0.000000
0.000000
0.000000
0.000000
0.003000
0.003000
0.000000
0.000000
0.003000
0.000000
0.003000
0.000000
0.000000
0.003000
0.000000
0.000000
-0.003000
0.000000
0.000000
0.000000
0.000000
0.000000
0.000000
0.003000
-0.003000
-0.003000
0.000000
-0.003000
-0.003000
0.000000
-0.003000
0.000000
0.000000
0.000000
0.000000
0.000000
0.000000
0.000000
0.000000
0.000000
0.000000
0.000000
-0.003000
0.000000
0.000000
0.000000
0.000000
0.000000
0.003000
0.000000
0.000000
0.000000
0.000000
-0.003000
-0.003000
-0.006000
0.003000
0.000000
0.000000
0.000000
-0.003000
0.000000
0.000000
0.003000
0.000000
0.000000
0.000000
0.000000
-0.003000
0.000000
0.000000
0.000000
0.003000
0.000000
0.000000
0.003000
0.000000
0.003000
0.000000
0.000000
-0.003000
0.000000
-0.003000
0.000000
-0.003000
0.000000
-0.003000
0.000000
0.006000
0.003000
0.006000
0.000000
0.003000
0.000000
0.000000
0.003000
0.000000
0.000000
0.000000
0.000000
0.006000
0.003000
0.006000
0.006000
0.009000
0.012000
0.018000
0.018000
0.021000
0.021000
0.018000
0.000000
0.006000
0.015000
0.021000
0.042000
0.054000
0.081000
0.159000
0.339000
0.585000
0.810000
1.059000
1.503000
1.404000
-0.819000
-3.228000
-1.671000
-0.891000
-0.615000
-0.450000
-0.279000
-0.243000
-0.159000
-0.072000
-0.021000
0.012000
0.072000
0.138000
0.162000
0.177000
0.189000
0.192000
0.186000
0.165000
0.153000
0.141000
0.123000
0.114000
0.102000
0.090000
0.081000
0.072000
0.063000
0.060000
0.054000
0.045000
0.039000
0.021000
0.018000
0.003000
0.000000
0.000000
0.000000
0.006000
0.009000
0.006000
0.003000
0.009000
0.006000
0.000000
-0.003000
-0.003000
-0.006000
-0.015000
-0.009000
-0.012000
-0.015000
-0.024000
-0.024000
-0.030000
-0.030000
-0.027000
-0.024000
-0.018000
-0.009000
-0.009000
-0.012000
-0.006000
-0.015000
-0.015000
-0.009000
-0.012000
-0.003000
-0.003000
-0.006000
-0.003000
-0.006000
-0.003000
-0.009000
0.000000
-0.006000
0.000000
-0.006000
0.000000
0.000000
0.000000
-0.003000
0.000000
0.000000
0.000000
0.000000
-0.006000
-0.006000
-0.006000
-0.009000
-0.006000
-0.003000
0.000000
-0.003000
0.000000
0.000000
0.000000
0.000000
-0.003000
0.000000
-0.003000
0.000000
0.000000
-0.003000
-0.003000
0.000000
0.000000
0.000000
0.000000
0.000000
0.003000
0.003000
0.000000
0.000000
0.000000
0.000000
-0.003000
0.000000
0.000000
0.000000
0.000000
0.000000
-0.003000
0.000000
0.000000
-0.003000
0.000000
0.000000
0.000000
-0.003000
0.000000
0.000000
0.003000
0.003000
0.003000
0.006000
0.009000
0.012000
0.009000
0.012000
0.015000
0.012000
0.018000
0.015000
0.018000
0.018000
0.021000
0.018000
0.018000
0.018000
0.015000
0.012000
0.009000
0.000000
0.000000
0.000000
-0.003000
-0.003000
-0.003000
-0.012000
-0.009000
-0.009000
-0.009000
-0.009000
-0.009000
-0.012000
-0.003000
-0.009000
-0.012000
-0.012000
-0.009000
-0.009000
-0.009000
-0.006000
-0.003000
0.000000
0.000000
-0.003000
-0.003000
0.000000
0.000000
0.000000
0.000000
0.000000
-0.003000
0.000000
0.000000
0.000000
0.000000
0.003000
0.003000
0.000000
0.000000
0.000000
0.000000
0.000000
0.000000
-0.003000
0.000000
0.000000
0.000000
-0.003000
0.000000
0.000000
0.000000
0.000000
0.000000
-0.003000
0.000000
-0.003000
0.000000
0.000000
0.000000
0.000000
0.000000
-0.003000
0.000000
0.000000
0.000000
-0.003000
0.000000
-0.003000
0.000000
-0.006000
-0.003000
-0.003000
-0.003000
0.000000
-0.003000
0.000000
0.000000
0.000000
0.000000
0.000000
0.000000
0.000000
-0.003000
0.000000
0.000000
0.003000
0.000000
0.003000
0.000000
0.006000
0.003000
0.000000
0.003000
0.000000
0.000000
0.003000
0.003000
0.000000
0.003000
0.000000
0.003000
0.003000
0.003000
0.003000
0.000000
0.000000
0.000000
0.003000
0.000000
0.003000
0.003000
0.006000
0.000000
0.003000
0.006000
0.000000
0.006000
0.000000
0.000000
0.003000
0.000000
0.000000
0.000000
0.000000
0.000000
0.000000
0.003000
0.006000
0.003000
0.003000
0.000000
0.003000
0.003000
0.000000
0.003000
0.000000
0.000000
0.000000
0.000000
0.003000
0.003000
0.000000
0.003000
0.000000
0.003000
0.003000
0.000000
0.000000
0.000000
0.000000
0.000000
0.000000
0.000000
0.000000
0.000000
0.006000
0.000000
0.009000
0.000000
0.003000
0.003000
0.000000
0.000000
0.000000
0.000000
0.000000
0.000000
0.000000
-0.003000
0.003000
0.003000
0.000000
0.000000
0.000000
0.000000
0.000000
-0.003000
0.000000
0.000000
0.000000
0.003000
0.003000
0.003000
0.003000
0.000000
0.000000
0.003000
0.000000
0.000000
0.000000
0.000000
0.003000
0.000000
0.000000
0.000000
0.000000
0.003000
0.000000
0.000000
0.000000
-0.003000
0.000000
-0.003000
-0.003000
0.000000
0.000000
0.000000
0.000000
0.000000
0.000000
0.000000
0.000000
0.000000
-0.003000
0.000000
0.000000
-0.006000
-0.003000
0.000000
-0.006000
0.000000
0.000000
0.003000
0.000000
0.000000
0.000000
0.000000
-0.003000
-0.003000
0.000000
-0.003000
0.000000
0.000000
0.000000
0.000000
0.000000
0.006000
0.000000
0.000000
0.000000
0.000000
0.000000
0.000000
0.000000
0.000000
0.000000
0.000000
0.000000
0.003000
0.003000
0.000000
0.003000
0.000000
0.000000
0.003000
0.000000
0.000000
-0.003000
0.000000
0.000000
0.000000
0.000000
0.000000
0.000000
0.000000
0.000000
0.000000
0.000000
0.000000
-0.003000
0.000000
-0.003000
0.000000
0.000000
0.000000
-0.003000
0.003000
0.000000
0.000000
0.000000
0.000000
0.000000
-0.003000
0.000000
-0.006000
-0.003000
0.000000
0.000000
0.000000
0.000000
0.000000
0.000000
0.000000
0.000000
0.000000
-0.003000
0.000000
-0.003000
-0.003000
0.000000
0.000000
0.000000
0.000000
0.006000
0.000000
0.000000
-0.003000
0.000000
0.000000
0.000000
-0.003000
0.000000
0.000000
0.000000
0.000000
0.003000
0.003000
0.000000
0.000000
0.000000
0.000000
0.000000
0.000000
0.000000
-0.006000
0.000000
0.000000
0.000000
0.000000
0.003000
0.000000
0.000000
0.000000
0.003000
0.000000
-0.003000
0.000000
0.000000
0.000000
0.000000
0.000000
0.000000
0.000000
0.000000
0.000000
0.000000
0.003000
0.000000
-0.003000
0.003000
-0.003000
-0.003000
0.000000
0.000000
0.000000
0.000000
0.003000
0.003000
-0.003000
0.000000
0.000000
0.000000
0.000000
-0.003000
0.000000
0.000000
0.000000
-0.003000
0.000000
0.000000
0.000000
0.000000
0.000000
0.000000
0.000000
0.000000
-0.003000
0.000000
-0.003000
0.000000
0.000000
0.003000
0.000000
